[ 1.0031e+02  1.4771e-02 -4.7406e+01  2.3346e-02 -4.7750e+01  2.2034e-02
 -3.7406e+01  5.0903e-02  6.6562e+01  2.0020e-02  1.8838e+02  1.0986e-02
 -6.2688e+01  1.7944e-02 -3.1922e+01  3.0655e-02 -1.1450e+02  2.3315e-02
  5.0938e+01  3.5217e-02  1.2575e+02  1.3763e-02  7.4875e+01  2.4246e-02
  9.3625e+01  2.1255e-02  4.2100e+02  1.2497e-02  9.4438e+01  1.5686e-02
  2.1138e+02  1.5961e-02  2.2075e+02  1.3199e-02  7.7000e+01  9.1934e-03
  7.0625e+01  3.6346e-02  7.1250e+01  9.3231e-03  9.2688e+01  1.7944e-02
  9.6438e+01  1.6861e-02  4.7950e+02  1.1330e-02 -5.5094e+01  2.8366e-02
  1.4362e+02  1.7502e-02  7.5438e+01  9.5215e-03 -8.3062e+01  2.2293e-02
 -1.7984e+01  5.1514e-02  1.0462e+02  1.6724e-02 -6.6938e+01  2.0584e-02
  2.2012e+02  1.4381e-02 -4.1312e+01  2.8320e-02  7.0750e+01  2.5162e-02
 -1.0477e+01  3.7781e-02  2.5175e+02  9.1553e-03 -5.2906e+01  2.6657e-02
  6.4250e+01  2.4826e-02 -9.8125e+01  2.0844e-02  2.9200e+02  8.4534e-03
  2.7675e+02  1.0513e-02  1.9225e+02  1.6129e-02 -1.8156e+01  5.7098e-02
  1.2219e+02  1.3168e-02 -1.8641e+01  2.2461e-02  7.4438e+01  2.1866e-02
  6.8650e+02  9.2316e-03  6.4062e+01  2.1133e-02  1.4262e+02  1.5091e-02
 -3.0469e+01  3.3691e-02  7.8375e+01  1.9562e-02 -1.1812e+01  1.1734e-02
  2.5600e+02  1.4198e-02  2.4336e+00  3.9551e-02  8.3125e+01  1.4832e-02
 -5.4344e+01  2.4811e-02  8.8562e+01  1.9318e-02 -4.1656e+01  3.1113e-02
  8.0312e+01  2.0752e-02  8.4312e+01  9.0485e-03  9.5000e+01  2.2781e-02
  9.8375e+01  2.1942e-02 -3.3812e+01  3.0121e-02  1.1744e+02  8.2474e-03
  1.0356e+02  1.9424e-02]